%YAML:1.0
R: !!opencv-matrix
   rows: 3
   cols: 3
   dt: d
   data: [ 9.3672833612311723e-001, -2.6353764401658053e-001,
       2.3040819102238161e-001, 1.1016784119187997e-001,
       8.4669491442946865e-001, 5.2054852669697904e-001,
       -3.3226957590356798e-001, -4.6222898228633913e-001,
       8.2215649171152216e-001 ]
T: !!opencv-matrix
   rows: 3
   cols: 1
   dt: d
   data: [ -2.0662272818700540e+003, -1.6508281828301556e+003,
       1.0280130838974198e+003 ]
Rl: !!opencv-matrix
   rows: 3
   cols: 3
   dt: d
   data: [ 8.6659011241472772e-001, 4.6815932438454888e-001,
       1.7276696459923252e-001, -4.9447080230277418e-001,
       8.5222920118181344e-001, 1.7089182052707788e-001,
       -6.7232452990208219e-002, -2.3352138155811536e-001,
       9.7002451598921380e-001 ]
Rr: !!opencv-matrix
   rows: 3
   cols: 3
   dt: d
   data: [ 7.2818883251203204e-001, 5.8179206986613230e-001,
       -3.6229685569384296e-001, -6.4840441251596248e-001,
       7.5606083514675149e-001, -8.9127612932392020e-002,
       2.2206472487676512e-001, 2.9981661227836942e-001,
       9.2779160212158018e-001 ]
Pl: !!opencv-matrix
   rows: 3
   cols: 4
   dt: d
   data: [ 8.3092226267384990e+002, 0., 6.3704703378677368e+002, 0., 0.,
       8.3092226267384990e+002, 1.3583778619766235e+002, 0., 0., 0., 1.,
       0. ]
Pr: !!opencv-matrix
   rows: 3
   cols: 4
   dt: d
   data: [ 8.3092226267384990e+002, 0., 6.3704703378677368e+002,
       -2.3577321864813622e+006, 0., 8.3092226267384990e+002,
       1.3583778619766235e+002, 0., 0., 0., 1., 0. ]
Q: !!opencv-matrix
   rows: 4
   cols: 4
   dt: d
   data: [ 1., 0., 0., -6.3704703378677368e+002, 0., 1., 0.,
       -1.3583778619766235e+002, 0., 0., 0., 8.3092226267384990e+002, 0.,
       0., 3.5242436246073547e-004, 0. ]
