%YAML:1.0
cameraMatrixL: !!opencv-matrix
   rows: 3
   cols: 3
   dt: d
   data: [ 6.2891271728303491e+002, 0., 5.4713706748308141e+002, 0.,
       8.3092226267384990e+002, 4.7306909309905848e+002, 0., 0., 1. ]
cameraDistcoeffL: !!opencv-matrix
   rows: 5
   cols: 1
   dt: d
   data: [ 4.5261180639738818e-001, -3.6174410084207931e-001,
       -3.2872679385085052e-001, 1.6137886150692213e-001,
       2.8594746597330141e-002 ]
cameraMatrixR: !!opencv-matrix
   rows: 3
   cols: 3
   dt: d
   data: [ 8.1883753818809919e+002, 0., 3.1912323679322526e+002, 0.,
       8.8023665376945587e+002, 2.3312523116146275e+002, 0., 0., 1. ]
cameraDistcoeffR: !!opencv-matrix
   rows: 5
   cols: 1
   dt: d
   data: [ 1.5846727887811482e-001, -1.2745573975528871e-001,
       2.9125578835396643e-002, 3.7254548526637593e-002,
       2.0508125376589408e-003 ]
